// Save File for STEM
// Version 1.00

// State Format: name x y start accept
STATES:
	0 42.000000 24.000000 true true 0.980392 0.980392 0.823529 1.000000
	1 24.000000 82.000000 false false 0.980392 0.980392 0.823529 1.000000
	2 24.000000 143.000000 false false 0.980392 0.980392 0.823529 1.000000
	3 27.000000 207.000000 false false 0.980392 0.980392 0.823529 1.000000
	4 26.000000 269.000000 false false 0.980392 0.980392 0.823529 1.000000
	5 26.000000 333.000000 false false 0.980392 0.980392 0.823529 1.000000
	6 26.000000 394.000000 false false 0.980392 0.980392 0.823529 1.000000
	7 26.000000 454.000000 false false 0.980392 0.980392 0.823529 1.000000
	8 26.000000 514.000000 false false 0.980392 0.980392 0.823529 1.000000
	9 24.000000 574.000000 false false 0.980392 0.980392 0.823529 1.000000
	10 23.000000 634.000000 false false 0.980392 0.980392 0.823529 1.000000
	11 22.000000 695.000000 false false 0.980392 0.980392 0.823529 1.000000
	13 103.000000 26.000000 false false 0.980392 0.980392 0.823529 1.000000
	14 164.000000 27.000000 false false 0.980392 0.980392 0.823529 1.000000
	15 232.000000 28.000000 false false 1.000000 0.270588 0.270588 1.000000
	16 100.000000 86.000000 false false 0.980392 0.980392 0.823529 1.000000
	17 162.000000 87.000000 false false 0.980392 0.980392 0.823529 1.000000
	18 223.000000 88.000000 false false 0.400000 0.423529 1.000000 1.000000
	19 293.000000 28.000000 false false 0.701961 0.901961 0.701961 1.000000
	20 101.000000 147.000000 false false 0.980392 0.980392 0.823529 1.000000
	21 161.000000 147.000000 false false 0.980392 0.980392 0.823529 1.000000
	22 223.000000 148.000000 false false 0.980392 0.980392 0.823529 1.000000
	23 283.000000 147.000000 false false 1.000000 0.270588 0.270588 1.000000
	24 100.000000 207.000000 false false 0.980392 0.980392 0.823529 1.000000
	25 165.000000 207.000000 false false 0.980392 0.980392 0.823529 1.000000
	26 225.000000 209.000000 false false 0.980392 0.980392 0.823529 1.000000
	27 287.000000 208.000000 false false 0.980392 0.980392 0.823529 1.000000
	28 350.000000 208.000000 false false 0.400000 0.423529 1.000000 1.000000
	29 93.000000 267.000000 false false 0.980392 0.980392 0.823529 1.000000
	30 165.000000 268.000000 false false 0.980392 0.980392 0.823529 1.000000
	31 227.000000 270.000000 false false 0.980392 0.980392 0.823529 1.000000
	32 288.000000 270.000000 false false 0.980392 0.980392 0.823529 1.000000
	33 349.000000 269.000000 false false 1.000000 0.270588 0.270588 1.000000
	34 94.000000 327.000000 false false 0.980392 0.980392 0.823529 1.000000
	35 162.000000 328.000000 false false 0.980392 0.980392 0.823529 1.000000
	36 222.000000 330.000000 false false 0.400000 0.423529 1.000000 1.000000
	37 282.000000 330.000000 false false 0.980392 0.980392 0.823529 1.000000
	38 344.000000 329.000000 false false 0.980392 0.980392 0.823529 1.000000
	39 405.000000 331.000000 false false 0.980392 0.980392 0.823529 1.000000
	40 465.000000 331.000000 false false 0.400000 0.423529 1.000000 1.000000
	41 87.000000 390.000000 false false 0.980392 0.980392 0.823529 1.000000
	42 149.000000 390.000000 false false 0.980392 0.980392 0.823529 1.000000
	43 211.000000 389.000000 false false 0.980392 0.980392 0.823529 1.000000
	44 276.000000 391.000000 false false 0.980392 0.980392 0.823529 1.000000
	45 340.000000 389.000000 false false 0.400000 0.423529 1.000000 1.000000
	46 402.000000 391.000000 false false 0.980392 0.980392 0.823529 1.000000
	47 88.000000 453.000000 false false 0.980392 0.980392 0.823529 1.000000
	48 149.000000 452.000000 false false 0.980392 0.980392 0.823529 1.000000
	49 209.000000 453.000000 false false 0.980392 0.980392 0.823529 1.000000
	50 272.000000 452.000000 false false 0.400000 0.423529 1.000000 1.000000
	51 87.000000 514.000000 false false 0.980392 0.980392 0.823529 1.000000
	52 147.000000 512.000000 false false 0.980392 0.980392 0.823529 1.000000
	53 208.000000 513.000000 false false 0.980392 0.980392 0.823529 1.000000
	54 268.000000 514.000000 false false 0.980392 0.980392 0.823529 1.000000
	55 329.000000 515.000000 false false 0.400000 0.423529 1.000000 1.000000
	56 87.000000 574.000000 false false 0.980392 0.980392 0.823529 1.000000
	57 147.000000 572.000000 false false 0.980392 0.980392 0.823529 1.000000
	58 209.000000 573.000000 false false 0.980392 0.980392 0.823529 1.000000
	59 269.000000 574.000000 false false 0.980392 0.980392 0.823529 1.000000
	60 329.000000 575.000000 false false 0.980392 0.980392 0.823529 1.000000
	61 392.000000 577.000000 false false 0.400000 0.423529 1.000000 1.000000
	62 84.000000 634.000000 false false 0.980392 0.980392 0.823529 1.000000
	63 146.000000 632.000000 false false 0.980392 0.980392 0.823529 1.000000
	64 210.000000 633.000000 false false 0.980392 0.980392 0.823529 1.000000
	65 270.000000 636.000000 false false 0.400000 0.423529 1.000000 1.000000
	66 85.000000 695.000000 false false 0.980392 0.980392 0.823529 1.000000
	67 145.000000 694.000000 false false 0.980392 0.980392 0.823529 1.000000
	68 206.000000 693.000000 false false 0.400000 0.423529 1.000000 1.000000
	69 83.000000 755.000000 false false 0.980392 0.980392 0.823529 1.000000
	70 144.000000 755.000000 false false 0.980392 0.980392 0.823529 1.000000
	71 205.000000 753.000000 false false 0.980392 0.980392 0.823529 1.000000
	72 265.000000 753.000000 false false 0.980392 0.980392 0.823529 1.000000
	73 325.000000 754.000000 false false 0.980392 0.980392 0.823529 1.000000
	74 386.000000 755.000000 false false 1.000000 0.270588 0.270588 1.000000
	12 23.000000 759.000000 false false 0.980392 0.980392 0.823529 1.000000
	75 81.000000 817.000000 false false 0.980392 0.980392 0.823529 1.000000
	76 142.000000 817.000000 false false 0.980392 0.980392 0.823529 1.000000
	77 202.000000 815.000000 false false 0.980392 0.980392 0.823529 1.000000
	78 263.000000 813.000000 false false 0.980392 0.980392 0.823529 1.000000
	79 324.000000 815.000000 false false 0.980392 0.980392 0.823529 1.000000
	80 385.000000 816.000000 false false 0.980392 0.980392 0.823529 1.000000
	81 445.000000 815.000000 false false 1.000000 0.270588 0.270588 1.000000
	82 77.000000 878.000000 false false 0.980392 0.980392 0.823529 1.000000
	83 140.000000 878.000000 false false 0.980392 0.980392 0.823529 1.000000
	84 201.000000 879.000000 false false 0.980392 0.980392 0.823529 1.000000
	85 261.000000 877.000000 false false 1.000000 0.270588 0.270588 1.000000
	86 361.000000 28.000000 false false 0.159836 0.958680 1.000000 1.000000
	88 422.000000 29.000000 false false 0.954918 0.954918 0.090013 1.000000
	89 419.000000 89.000000 false false 0.975410 0.707048 0.039976 1.000000
	90 358.000000 90.000000 false false 0.713726 0.956863 0.643137 1.000000
	93 417.000000 151.000000 false false 0.652833 0.097840 0.954918 1.000000
	96 544.000000 89.000000 false false 0.980392 0.980392 0.823529 1.000000
	97 605.000000 28.000000 false false 1.000000 0.643443 0.967851 1.000000
	98 604.000000 90.000000 false false 0.980392 0.980392 0.823529 1.000000
	99 665.000000 27.000000 false false 0.980392 0.980392 0.823529 1.000000
	100 664.000000 88.000000 false false 0.980392 0.980392 0.823529 1.000000
	101 728.000000 26.000000 false false 0.980392 0.980392 0.823529 1.000000
	103 725.000000 86.000000 false false 0.980392 0.980392 0.823529 1.000000
	104 724.000000 147.000000 false false 0.980392 0.980392 0.823529 1.000000
	102 787.000000 86.000000 false false 0.980392 0.980392 0.823529 1.000000
	105 790.000000 26.000000 false false 0.980392 0.980392 0.823529 1.000000
	106 850.000000 26.000000 false false 1.000000 0.000000 0.565574 1.000000
	107 848.000000 87.000000 false false 0.980392 0.980392 0.823529 1.000000
	108 786.000000 146.000000 false false 0.980392 0.980392 0.823529 1.000000
	109 848.000000 148.000000 false false 0.980392 0.980392 0.823529 1.000000
	110 908.000000 149.000000 false false 0.980392 0.980392 0.823529 1.000000
	111 908.000000 86.000000 false false 0.980392 0.980392 0.823529 1.000000
	112 910.000000 23.000000 false false 0.980392 0.980392 0.823529 1.000000
	113 970.000000 24.000000 false false 0.980392 0.980392 0.823529 1.000000
	114 1032.000000 26.000000 false false 0.980392 0.980392 0.823529 1.000000
	115 543.000000 151.000000 false false 0.680328 0.323435 0.323435 1.000000
	116 604.000000 150.000000 false false 0.980392 0.980392 0.823529 1.000000
	117 543.000000 211.000000 false false 0.980392 0.980392 0.823529 1.000000
	118 603.000000 212.000000 false false 0.980392 0.980392 0.823529 1.000000
	119 674.000000 212.000000 false false 0.980392 0.980392 0.823529 1.000000
	120 736.000000 210.000000 false false 0.980392 0.980392 0.823529 1.000000
	121 674.000000 272.000000 false false 0.980392 0.980392 0.823529 1.000000
	122 796.000000 212.000000 false false 0.980392 0.980392 0.823529 1.000000
	123 856.000000 213.000000 false false 0.980392 0.980392 0.823529 1.000000
	124 917.000000 214.000000 false false 0.980392 0.980392 0.823529 1.000000
	125 736.000000 270.000000 false false 0.980392 0.980392 0.823529 1.000000
	126 800.000000 272.000000 false false 0.980392 0.980392 0.823529 1.000000
	127 800.000000 337.000000 false false 0.980392 0.980392 0.823529 1.000000
	128 735.000000 331.000000 false false 0.980392 0.980392 0.823529 1.000000
	129 860.000000 274.000000 false false 0.980392 0.980392 0.823529 1.000000
	130 923.000000 276.000000 false false 0.980392 0.980392 0.823529 1.000000
	131 862.000000 336.000000 false false 0.980392 0.980392 0.823529 1.000000
	132 924.000000 338.000000 false false 0.980392 0.980392 0.823529 1.000000
	133 922.000000 398.000000 false false 0.980392 0.980392 0.823529 1.000000
	134 862.000000 397.000000 false false 0.980392 0.980392 0.823529 1.000000
	135 799.000000 399.000000 false false 0.980392 0.980392 0.823529 1.000000
	136 734.000000 400.000000 false false 0.980392 0.980392 0.823529 1.000000
	137 675.000000 334.000000 false false 0.655738 0.292932 0.292932 1.000000
	139 477.000000 215.000000 false false 0.853601 0.760481 0.946721 1.000000
	140 436.000000 272.000000 false false 0.980392 0.980392 0.823529 1.000000
	141 500.000000 274.000000 false false 0.980392 0.980392 0.823529 1.000000
	142 563.000000 273.000000 false false 0.980392 0.980392 0.823529 1.000000
	143 528.000000 337.000000 false false 0.980392 0.980392 0.823529 1.000000
	144 588.000000 340.000000 false false 0.980392 0.980392 0.823529 1.000000
	145 464.000000 393.000000 false false 0.113074 0.627049 0.298442 1.000000
	138 462.000000 455.000000 false false 0.980392 0.980392 0.823529 1.000000
	146 529.000000 397.000000 false false 0.450121 0.449980 0.467213 1.000000
	147 595.000000 400.000000 false false 0.980392 0.980392 0.823529 1.000000
	148 658.000000 410.000000 false false 0.980392 0.980392 0.823529 1.000000
	149 731.000000 461.000000 false false 0.980392 0.980392 0.823529 1.000000
	150 794.000000 463.000000 false false 0.671879 0.741803 0.683342 1.000000
	152 731.000000 524.000000 false false 0.980392 0.980392 0.823529 1.000000
	153 791.000000 524.000000 false false 0.980392 0.980392 0.823529 1.000000
	155 656.000000 470.000000 false false 0.980392 0.980392 0.823529 1.000000
	151 851.000000 526.000000 false false 0.670588 0.741176 0.682353 1.000000
	156 523.000000 460.000000 false false 0.975410 0.650361 0.335797 1.000000
	157 588.000000 463.000000 false false 0.980392 0.980392 0.823529 1.000000
	158 657.000000 530.000000 false false 0.980392 0.980392 0.823529 1.000000
	159 733.000000 584.000000 false false 0.980392 0.980392 0.823529 1.000000
	160 795.000000 587.000000 false false 0.980392 0.980392 0.823529 1.000000
	161 855.000000 589.000000 false false 0.700820 0.700820 0.077550 1.000000
	162 658.000000 590.000000 false false 1.000000 0.000000 0.000000 1.000000
	163 500.000000 635.000000 false false 0.980392 0.980392 0.823529 1.000000
	164 588.000000 634.000000 false false 0.349368 0.654522 0.852459 1.000000
	165 657.000000 656.000000 false false 0.980392 0.980392 0.823529 1.000000
	166 727.000000 651.000000 false false 0.980392 0.980392 0.823529 1.000000
	167 788.000000 647.000000 false false 0.980392 0.980392 0.823529 1.000000
	168 862.000000 649.000000 false false 0.980392 0.980392 0.823529 1.000000
	169 938.000000 649.000000 false false 0.980392 0.980392 0.823529 1.000000
	170 999.000000 648.000000 false false 1.000000 0.000000 0.885246 1.000000

// Transition format: fromStateId toStateId readCHar writeChar moveDirection
// The Character '~' is the catchall character
TRANSITION:
	

// Tape format: tapeChar(0) tapeChar(1) ... tapeChar(n)
TAPE:
	14
	  0 0 0`0 0 0`const int *(*(turing))(int syntax, int parser); 
